forex_prices/m5/AUD_USD_m5.csv
1|(115, 185)|34.5291 %
2|(140, 155)|34.1859 %
3|(125, 175)|34.0897 %
4|(135, 160)|33.9802 %
5|(90, 105)|33.9211 %
--------------------------------------------------
forex_prices/m5/USD_JPY_m5.csv
1|(360, 460)|9.9620 %
2|(285, 435)|9.8061 %
3|(295, 425)|9.7653 %
4|(290, 430)|9.7215 %
5|(285, 440)|9.6937 %
--------------------------------------------------
forex_prices/m5/USD_CAD_m5.csv
1|(170, 210)|35.0237 %
2|(165, 215)|33.8053 %
3|(180, 210)|33.6179 %
4|(175, 205)|33.4359 %
5|(180, 200)|33.0435 %
--------------------------------------------------
forex_prices/m5/USD_CHF_m5.csv
1|(230, 375)|12.7681 %
2|(235, 370)|12.3117 %
3|(215, 390)|12.2924 %
4|(185, 425)|12.2583 %
5|(225, 385)|12.1381 %
--------------------------------------------------
forex_prices/m5/NZD_USD_m5.csv
1|(200, 215)|53.6621 %
2|(205, 210)|52.6778 %
3|(205, 215)|52.4234 %
4|(195, 215)|51.9725 %
5|(180, 215)|51.1533 %
--------------------------------------------------
forex_prices/m5/GBP_USD_m5.csv
1|(35, 430)|18.0068 %
2|(65, 180)|17.6813 %
3|(35, 425)|17.3690 %
4|(45, 425)|16.9892 %
5|(80, 210)|16.6092 %
--------------------------------------------------
forex_prices/m5/EUR_USD_m5.csv
1|(320, 395)|23.4209 %
2|(335, 350)|23.2807 %
3|(245, 460)|23.2670 %
4|(340, 345)|23.2603 %
5|(310, 380)|23.2087 %
--------------------------------------------------
